       0.003029           209.5           21.18        0.001077        0.003393          0.4051
       0.003433           432.2           7.247        0.001088        0.003612          0.9568
       0.003837           358.2           5.739        0.001091        0.003981          0.9999
       0.004241           273.6           4.055        0.001093        0.004371               1
       0.004645           213.2           2.723        0.001096        0.004764               1
       0.005049           174.8           1.786          0.0011        0.005158               1
       0.005453           146.1           1.476        0.001104        0.005554               1
       0.005857           124.6           1.276         0.00111        0.005951               1
       0.006261             108           1.005        0.001116        0.006349               1
       0.006665           94.04          0.9042        0.001122        0.006747               1
       0.007069           83.24           0.732        0.001129        0.007147               1
       0.007473           74.35          0.6405        0.001137        0.007546               1
       0.007876           66.19          0.6333        0.001145        0.007946               1
        0.00828           59.69          0.5003        0.001154        0.008347               1
       0.008684           54.06          0.4785        0.001163        0.008748               1
       0.009088           49.87          0.4215        0.001172        0.009149               1
       0.009492           44.72          0.3831        0.001182         0.00955               1
       0.009896           41.15          0.4183        0.001192        0.009952               1
         0.0103           37.82           0.378        0.001203         0.01035               1
         0.0107           34.93          0.3207        0.001214         0.01076               1
        0.01111           32.52          0.3024        0.001225         0.01116               1
        0.01151           30.66          0.2909        0.001237         0.01156               1
        0.01192           28.37          0.2943        0.001249         0.01196               1
        0.01232           26.28          0.2743        0.001261         0.01236               1
        0.01272           24.61          0.2687        0.001274         0.01277               1
        0.01313           23.38          0.2379        0.001287         0.01317               1
        0.01353           21.75          0.2327          0.0013         0.01357               1
        0.01393            20.3          0.2229        0.001313         0.01397               1
        0.01396           21.06          0.2332        0.002256         0.01412               1
        0.01434           19.09          0.2126        0.001327         0.01438               1
        0.01474           17.98          0.1807        0.001341         0.01478               1
        0.01515           17.18          0.1981        0.001355         0.01518               1
        0.01529            17.3          0.1712        0.002281         0.01544               1
        0.01555           16.34          0.1843        0.001369         0.01559               1
        0.01595           15.13          0.1685        0.001384         0.01599               1
        0.01636           14.85          0.1815        0.001399         0.01639               1
        0.01662           14.46          0.1251        0.002309         0.01676               1
        0.01676           14.21          0.1676        0.001414         0.01679               1
        0.01717            13.4          0.1478        0.001429          0.0172               1
        0.01757           12.83          0.1491        0.001444          0.0176               1
        0.01795           12.38          0.1037        0.002339         0.01807               1
        0.01797           12.51          0.1533         0.00146           0.018               1
        0.01838           11.46          0.1302        0.001476         0.01841               1
        0.01878           11.22           0.147        0.001492         0.01881               1
        0.01918           10.87          0.1329        0.001508         0.01921               1
        0.01928           10.64         0.08962        0.002372          0.0194               1
        0.01959           10.27          0.1305        0.001524         0.01962               1
        0.01999            9.82          0.1233        0.001541         0.02002               1
         0.0204           9.331          0.1191        0.001558         0.02042               1
        0.02061            9.19         0.06977        0.002406         0.02072               1
         0.0208           8.907           0.119        0.001575         0.02083               1
         0.0212           8.853          0.1173        0.001591         0.02123               1
        0.02161           8.254          0.1078        0.001609         0.02163               1
        0.02194           8.073         0.05868        0.002443         0.02204               1
        0.02201           8.046          0.1034        0.001626         0.02204               1
        0.02241           7.598          0.1104        0.001643         0.02244               1
        0.02282           7.542          0.1043        0.001661         0.02284               1
        0.02322           7.153          0.1056        0.001678         0.02325               1
        0.02327           7.128         0.04682        0.002481         0.02336               1
        0.02363           6.962          0.1016        0.001696         0.02365               1
        0.02403           6.833          0.1035        0.001714         0.02405               1
        0.02443           6.395         0.09837        0.001732         0.02446               1
         0.0246           6.352         0.04468        0.002521         0.02469               1
        0.02484           6.182          0.1107         0.00175         0.02486               1
        0.02524           6.082          0.1075        0.001768         0.02526               1
        0.02564           5.732         0.09807        0.001787         0.02567               1
        0.02593           5.696         0.03897        0.002563         0.02601               1
        0.02605           5.731           0.109        0.001805         0.02607               1
        0.02645           5.286          0.1059        0.001824         0.02647               1
        0.02685           5.115          0.1182        0.001842         0.02688               1
        0.02726           5.043         0.03116        0.002606         0.02734               1
        0.02726           5.317          0.1153        0.001861         0.02728               1
        0.02766           5.006          0.1171         0.00188         0.02768               1
        0.02807           4.631          0.1207        0.001899         0.02809               1
        0.02847           4.686          0.1249        0.001918         0.02849               1
        0.02859           4.594         0.02754         0.00265         0.02866               1
        0.02991           4.133         0.02686        0.002696         0.02999               1
        0.03124           3.782         0.02614        0.002743         0.03131               1
        0.03257           3.476         0.02398        0.002792         0.03264               1
         0.0339           3.132         0.02169        0.002841         0.03397               1
        0.03523           2.865         0.01794        0.002892         0.03529               1
        0.03656           2.605         0.01705        0.002944         0.03662               1
        0.03788           2.402         0.01608        0.002996         0.03794               1
        0.03921           2.228         0.01624         0.00305         0.03927               1
        0.04054           2.085          0.0141        0.003105         0.04059               1
        0.04187           1.916         0.01283         0.00316         0.04192               1
        0.04197           1.935         0.02778        0.004996          0.0422               1
         0.0432           1.787         0.01326        0.003216         0.04325               1
        0.04452           1.664         0.01161        0.003273         0.04457               1
        0.04585           1.543         0.01121         0.00333          0.0459               1
        0.04596           1.544         0.01857        0.005105         0.04617               1
        0.04718           1.445         0.01155        0.003389         0.04722               1
         0.0485           1.318         0.01026        0.003447         0.04855               1
        0.04983           1.255        0.009632        0.003507         0.04987               1
        0.04996           1.258         0.01563         0.00522         0.05015               1
        0.05116           1.172        0.009413        0.003567          0.0512               1
        0.05248           1.109        0.008774        0.003627         0.05253               1
        0.05381           1.038        0.009097        0.003689         0.05385               1
        0.05394           1.025          0.0119        0.005343         0.05412               1
        0.05514          0.9636        0.008985         0.00375         0.05517               1
        0.05646          0.9151        0.007898        0.003812          0.0565               1
        0.05779          0.8469        0.008097        0.003875         0.05782               1
        0.05793          0.8501        0.008514        0.005473          0.0581               1
        0.05911          0.8049        0.007356        0.003937         0.05915               1
        0.06044          0.7689        0.006945        0.004001         0.06047               1
        0.06176          0.7207        0.007053        0.004064          0.0618               1
        0.06192           0.711        0.007121        0.005609         0.06207               1
        0.06309          0.6696        0.006933        0.004128         0.06312               1
        0.06441          0.6423        0.006622        0.004193         0.06444               1
        0.06573          0.6035        0.006508        0.004257         0.06577               1
         0.0659           0.598        0.005722         0.00575         0.06604               1
        0.06706          0.5666          0.0058        0.004322         0.06709               1
        0.06838          0.5459        0.005894        0.004388         0.06841               1
        0.06971          0.5192        0.005559        0.004453         0.06974               1
        0.06988          0.5048        0.004635        0.005896         0.07002               1
        0.07103           0.494        0.005459        0.004519         0.07106               1
        0.07235          0.4699        0.004992        0.004585         0.07238               1
        0.07367          0.4362        0.005079        0.004651          0.0737               1
        0.07386          0.4333        0.004122        0.006047         0.07399               1
          0.075           0.421        0.004997        0.004718         0.07503               1
        0.07632          0.3893         0.00471        0.004785         0.07635               1
        0.07764          0.3769        0.005041        0.004852         0.07767               1
        0.07783          0.3761        0.003202        0.006202         0.07796               1
        0.07896          0.3637        0.004915        0.004919         0.07899               1
        0.08028          0.3345        0.005173        0.004986         0.08031               1
        0.08161          0.3216        0.004758        0.005054         0.08163               1
        0.08181          0.3194        0.002996        0.006362         0.08193               1
        0.08293          0.3081        0.005023        0.005121         0.08295               1
        0.08425          0.2975        0.004806        0.005189         0.08427               1
        0.08557          0.2758        0.004903        0.005257         0.08559               1
        0.08578           0.276        0.002588        0.006525         0.08589               1
        0.08689          0.2626        0.005186        0.005325         0.08691               1
        0.08821          0.2512        0.005542        0.005394         0.08823               1
        0.08952          0.2377        0.005177        0.005462         0.08955               1
        0.08975          0.2359        0.002158        0.006691         0.08985               1
        0.09084          0.2477        0.005715        0.005531         0.09087               1
        0.09216          0.2197        0.005833          0.0056         0.09219               1
        0.09348          0.2057        0.005936        0.005668          0.0935               1
        0.09371          0.2094        0.001754        0.006861         0.09381               1
        0.09768          0.1872         0.00179        0.007033         0.09777               1
         0.1016           0.163        0.001772        0.007208          0.1017               1
         0.1056          0.1493        0.001824        0.007386          0.1057               1
         0.1095          0.1347        0.001444        0.007565          0.1096               1
         0.1135          0.1229        0.001766        0.007747          0.1136               1
         0.1174          0.1086        0.001317        0.007931          0.1175               1
         0.1214          0.1024         0.00129        0.008116          0.1215               1
         0.1253         0.09567        0.001409        0.008303          0.1254               1
         0.1293         0.09112        0.001104        0.008492          0.1293               1
         0.1332         0.08257        0.001185        0.008681          0.1333               1
         0.1371         0.08065        0.001168        0.008872          0.1372               1
          0.141          0.0782        0.001153        0.009064          0.1411               1
         0.1449         0.07644        0.001118        0.009258           0.145               1
         0.1489           0.075        0.001132        0.009452          0.1489               1
         0.1528         0.07326        0.001024        0.009647          0.1528               1
         0.1567         0.07166        0.001262        0.009843          0.1567               1
         0.1606         0.07255        0.001074         0.01004          0.1606               1
         0.1645         0.06948       0.0009342         0.01024          0.1645               1
         0.1683         0.07135        0.001015         0.01043          0.1684               1
         0.1722          0.0715        0.001109         0.01063          0.1723               1
         0.1761         0.07038       0.0009427         0.01083          0.1762               1
           0.18         0.07121         0.00103         0.01103            0.18               1
         0.1838         0.06974       0.0009618         0.01123          0.1839               1
         0.1877          0.0722        0.001031         0.01143          0.1877               1
         0.1915         0.07137       0.0009527         0.01163          0.1916               1
         0.1954           0.071        0.001039         0.01183          0.1954               1
         0.1992         0.07164       0.0009973         0.01203          0.1993               1
         0.2031          0.0728        0.001022         0.01223          0.2031               1
         0.2069         0.07177        0.001012         0.01243          0.2069               1
         0.2107         0.07214        0.001007         0.01264          0.2108               1
         0.2145         0.07095       0.0009492         0.01284          0.2146               1
         0.2184           0.072       0.0008807         0.01304          0.2184               1
         0.2222         0.07183       0.0008319         0.01324          0.2222               1
          0.226         0.07133       0.0009626         0.01344           0.226               1
         0.2297         0.07288       0.0009582         0.01364          0.2298               1
         0.2335         0.07217        0.001145         0.01384          0.2336               1
         0.2373         0.07186       0.0009735         0.01405          0.2373               1
         0.2411         0.07214       0.0009092         0.01425          0.2411               1
         0.2448         0.07115       0.0009683         0.01445          0.2449               1
         0.2486         0.07117       0.0009286         0.01465          0.2486               1
         0.2523         0.06963        0.001017         0.01485          0.2524               1
         0.2561          0.0716        0.001036         0.01505          0.2561               1
         0.2598         0.07261         0.00101         0.01525          0.2598               1
         0.2635         0.07289       0.0009893         0.01545          0.2636               1
         0.2673         0.07121        0.001008         0.01565          0.2673               1
          0.271         0.07108        0.001028         0.01585           0.271               1
         0.2747         0.07169        0.001055         0.01605          0.2747               1
         0.2784         0.07202        0.001118         0.01625          0.2784               1
          0.282         0.07202        0.001109         0.01645          0.2821               1
         0.2857         0.07158        0.001058         0.01665          0.2857               1
         0.2894         0.07174        0.001112         0.01685          0.2894               1
          0.293         0.07109        0.001061         0.01705          0.2931               1
         0.2967         0.07105        0.001109         0.01725          0.2967               1
         0.3003         0.07226        0.001127         0.01745          0.3004               1
          0.304         0.07207         0.00108         0.01765           0.304               1
         0.3076         0.07144        0.001048         0.01784          0.3076               1
         0.3112         0.07323        0.001102         0.01804          0.3112               1
         0.3148         0.07099        0.001128         0.01824          0.3149               1
         0.3184          0.0723        0.001122         0.01843          0.3185               1
          0.322         0.07202        0.001203         0.01863           0.322               1
         0.3256         0.06988        0.001042         0.01883          0.3256               1
         0.3292         0.07178        0.001277         0.01902          0.3292               1
         0.3327         0.07001        0.001204         0.01922          0.3328               1
         0.3363         0.07235        0.001018         0.01941          0.3363               1
         0.3398          0.0731        0.001209         0.01961          0.3399               1
         0.3434         0.07147        0.001077          0.0198          0.3434               1
         0.3469         0.07299         0.00122         0.01999          0.3469               1
         0.3504         0.07047         0.00127         0.02019          0.3505               1
         0.3539          0.0731        0.001308         0.02038           0.354               1
         0.3574         0.07231        0.001059         0.02057          0.3575               1
         0.3609         0.07156        0.001169         0.02076           0.361               1
         0.3644         0.07291        0.001232         0.02095          0.3644               1
         0.3679         0.07244        0.001163         0.02114          0.3679               1
         0.3713         0.07095        0.001008         0.02133          0.3714               1
         0.3748         0.07083        0.001261         0.02152          0.3748               1
         0.3782         0.07151        0.001165         0.02171          0.3783               1
